199
  29  50
  79  82
  20 -26
 -74   0
  77 -43
  61 -28
 -19 -84
  65 -80
 -73  32
  10  40
   4  62
 -21  11
 -65   5
  69  97
 -42 -75
  64  67
  13  78
  99 -72
  15  -4
  60  65
  88  19
 -48  35
 -66 -53
  57 -34
  47 -49
  14  90
 -57  80
  36 -52
 -22  23
   9 -46
 -29 -30
  24 -29
 -17  64
  63  44
 -25 -38
  11 -59
 -14  84
  28 -11
  48  75
  42 -65
  -1 -69
 -13 -76
 -23  55
  76  86
  16   2
 -50 -67
  17  93
  80  47
 -30 -35
 -75  59
 -67  37
   0  81
  51  -2
 -26 -57
  -4 -37
  91  34
  25  73
 -60 -70
  18 -40
 -43  29
  -5   3
 -85 -96
 -53 -41
 -32 -16
  12  18
  21  -3
  -6  20
  73  66
  56 -95
 -72  91
  30  74
 -94  77
 -56 -78
 -45 -20
 -36 -85
  68 -77
  34  72
  -3  21
 -62  57
 -99 -68
 -93  -5
 -61 -47
 -40 -12
 -76 -44
 -20 -36
 -63  -7
  90 -10
  78 -32
 -83 -94
 -89  87
 -31  -9
 -96  12
 -46 -22
  52  46
 -33  14
  -7  95
  72  60
 -24  -6
 -64   7
 -52  30
  19  27
 -82 -88
 -88  61
  83  63
  26 -54
  81  22
  32 -63
  -9 -51
  70 -18
 -97   1
   5  25
  53 -21
  44   4
  43  69
   7  15
 -80  51
 -91 -23
  54  76
  93 -87
  -2  52
  98 -13
 -84   6
 -39  17
 -55 -61
 -49 -90
 -28  88
  55  42
  82 -97
  49 -33
 -38 -66
 -71  56
 -18 -92
  67  92
 -16 -25
  50  48
   3  68
  89 -48
  40 -17
 -58  98
   1  38
 -59  16
  58  71
  27  41
  74  53
  85 -31
 -41  13
  94 -73
  -8  85
 -86 -15
 -77 -19
 -98  70
   8 -58
 -37   9
 -12  45
   6 -93
 -11 -50
 -35 -14
 -69  94
  95   8
 -92 -81
  23  31
   2  -1
  38  33
  41  24
  92 -45
 -95  -8
 -70 -89
 -44 -86
  46  89
  62 -91
  31  49
 -27  58
  97 -62
 -81  10
  71  28
 -34  99
 -78  36
 -47  83
 -54 -79
 -87 -83
 -68 -56
 -51 -55
 -15 -64
  45 -24
  59  43
  33 -99
  87 -39
 -10 -42
  96  96
  84 -27
 -90  26
  35  39
  22  79
  75 -60
  39 -74
  66 -71
 -79  54
  86 -98
  37 -82
